01000001000000000000000000000000
01000000110000000000000000000000
01000001000100000000000000000000
01000000101000000000000000000000
01000000000000000000000000000000
01000000010000000000000000000000
01000000100000000000000000000000
01000000101000000000000000000000
01000000110000000000000000000000
01000001000000000000000000000000
01000001000100000000000000000000
01000000000000000000000000000000
01000000111000000000000000000000
01000001000000000000000000000000
01000000101000000000000000000000
01000000110000000000000000000000
